   Time             I(L1)             I(C1)             I1                VP1               Vi                Vpont           
  1.388800000E-01   2.444455211E+01  -6.009245553E+00  -2.444456797E+01   5.516925904E+00   1.193466310E+02   7.926735899E+01 
  2.777600000E-01   5.135221497E+01  -5.511707491E+00  -5.135224470E+01   2.111195053E+01   1.503346012E+02   1.488217928E+02 
  4.166400000E-01   7.546472113E+01  -4.025572856E+00  -7.546476116E+01   4.560935933E+01   1.781491441E+02   2.001406788E+02 
  5.555200000E-01   9.522220084E+01  -1.675374192E+00  -9.522224618E+01   7.750252125E+01   1.962087117E+02   2.269357675E+02 
  6.944000000E-01   1.091056105E+02   1.041495797E+00  -1.091056557E+02   1.146613325E+02   2.004126613E+02   2.259237765E+02 
  8.332800000E-01   1.158751920E+02   3.579368920E+00  -1.158752315E+02   1.547978217E+02   1.902465470E+02   1.972286976E+02 
  9.721600000E-01   1.148176397E+02   5.364191871E+00  -1.148176686E+02   1.952341520E+02   1.689147319E+02   1.443666020E+02 
  1.111040000E+00   1.059385342E+02   6.259858053E+00  -1.059385490E+02   2.334675519E+02   1.422971257E+02   7.381480562E+01 
  1.249920000E+00   9.003539561E+01   6.401796395E+00   9.003539676E+01   2.669952187E+02   1.173299306E+02   5.778031118E+00 
  1.388800000E+00   6.704409230E+01   4.645113980E+00   6.704410923E+01   2.936266101E+02   1.004599843E+02   8.466723909E+01 
  1.527680000E+00   3.804735730E+01   9.157500767E-01   3.804738790E+01   3.117206809E+02   9.739470011E+01   1.531819304E+02 
  1.666560000E+00   5.965920299E+00  -3.570230412E+00   5.965960867E+00   3.200687499E+02   1.099041854E+02   2.029268567E+02 
  1.805440000E+00   3.391166323E-01   3.391061615E-01   3.391621703E-01   3.205957920E+02   2.129953417E+02   2.278061208E+02 
  1.944320000E+00   1.191567374E-02  -2.348475313E-02   1.196059429E-02   3.205978541E+02   2.196624436E+02   2.247716682E+02 
  2.083200000E+00   0.000000000E+00  -3.451539305E-05   1.938360583E-05   3.206000686E+02   2.221296840E+02   2.221255698E+02 
  2.222080000E+00   0.000000000E+00  -2.762667436E-02   1.398348104E-05   3.206023414E+02   2.233046835E+02   2.231026087E+02 
  2.360960000E+00   0.000000000E+00  -3.507325164E-05   6.821210263E-06   3.206046850E+02   2.239227487E+02   2.239202041E+02 
  2.499840000E+00   0.000000000E+00  -3.507212750E-05  -1.151079232E-06   3.206070159E+02   2.242882961E+02   2.240928995E+02 
  2.638720000E+00   0.000000000E+00  -3.527428635E-05  -9.023892744E-06   3.206093924E+02   2.244928242E+02   2.244919055E+02 
  2.777600000E+00   0.000000000E+00  -3.516767538E-05  -1.573141617E-05   3.206117429E+02   2.246316805E+02   2.244344204E+02 
  2.916480000E+00   0.000000000E+00  -1.419160882E-02  -2.057731763E-05   3.206141294E+02   2.247054945E+02   2.245022787E+02 
  3.055360000E+00   6.606928421E-02   6.605648100E-02  -6.611497859E-02   3.206164882E+02   2.247073142E+02   2.285306001E+02 
  3.194240000E+00   0.000000000E+00  -4.977708984E-02  -2.233946361E-05   3.206188579E+02   2.247144725E+02   2.247141045E+02 
  3.333120000E+00   0.000000000E+00  -3.517248479E-05  -1.912781045E-05   3.206212407E+02   2.247406342E+02   2.245402900E+02 
  3.472000000E+00   0.000000000E+00  -3.527482113E-05  -1.351452283E-05   3.206236010E+02   2.247689695E+02   2.247599528E+02 
  3.610880000E+00   0.000000000E+00  -3.515695062E-05  -6.266986929E-06   3.206259960E+02   2.247751336E+02   2.245731592E+02 
  3.749760000E+00   0.000000000E+00  -3.521821418E-05   1.719513421E-06   3.206283560E+02   2.247966600E+02   2.246003256E+02 
  3.888640000E+00   0.000000000E+00  -3.537229350E-05   9.521272659E-06   3.206307513E+02   2.247993249E+02   2.247989553E+02 
  4.027520000E+00   0.000000000E+00  -3.521151302E-05   1.617195267E-05   3.206331121E+02   2.248178813E+02   2.246199945E+02 
  4.166400000E+00   0.000000000E+00  -2.611638731E-02   2.080469130E-05   3.206355002E+02   2.248214945E+02   2.248213100E+02 
  4.305280000E+00   5.972567823E-02   5.971285896E-02   5.977148021E-02   3.206378677E+02   2.247738896E+02   2.291107290E+02 
  4.444160000E+00   0.000000000E+00  -5.559254576E-02   2.222577677E-05   3.206402282E+02   2.247634799E+02   2.245606477E+02 
  4.583040000E+00   0.000000000E+00  -3.516497600E-05   1.872990651E-05   3.206426230E+02   2.247686110E+02   2.245677628E+02 
  4.721920000E+00   0.000000000E+00  -3.527509398E-05   1.304556463E-05   3.206449838E+02   2.247858890E+02   2.247773944E+02 
  4.860800000E+00   0.000000000E+00  -3.534524149E-05   5.712763596E-06   3.206473783E+02   2.247859386E+02   2.247844710E+02 
  4.999680000E+00   0.000000000E+00  -3.521595499E-05  -2.302158464E-06   3.206497388E+02   2.248036459E+02   2.246067719E+02 
  5.138560000E+00   0.000000000E+00  -2.395810385E-03  -1.006128514E-05   3.206521337E+02   2.248034771E+02   2.246020058E+02 
  5.277440000E+00   0.000000000E+00  -3.530792674E-05  -1.655564574E-05   3.206544936E+02   2.248208230E+02   2.248152490E+02 
  5.416320000E+00   9.740548640E-03  -2.819886515E-02  -9.782614943E-03   3.206568746E+02   2.248258265E+02   2.105054709E+02 
  5.555200000E+00   5.393858822E-02   5.392576620E-02  -5.398452136E-02   3.206592489E+02   2.247705474E+02   2.295461466E+02 
  5.694080000E+00   0.000000000E+00  -2.780778572E-02  -2.206945737E-05   3.206616086E+02   2.247680297E+02   2.245645716E+02 
  5.832960000E+00   0.000000000E+00  -3.516218567E-05  -1.843147857E-05   3.206640032E+02   2.247692475E+02   2.245678012E+02 
  5.971840000E+00   0.000000000E+00  -3.521662438E-05  -1.256950100E-05   3.206663633E+02   2.247863275E+02   2.245904919E+02 
  6.110720000E+00   0.000000000E+00  -3.535574433E-05  -5.186961971E-06   3.206687573E+02   2.247866996E+02   2.247857782E+02 
  6.249600000E+00   0.000000000E+00  -3.520967584E-05   2.884803507E-06   3.206711176E+02   2.248038970E+02   2.246065242E+02 
  6.388480000E+00   0.000000000E+00  -1.423975696E-02   1.057287591E-05   3.206735096E+02   2.248045261E+02   2.248025151E+02 
  6.527360000E+00   0.000000000E+00  -3.530437971E-05   1.693933882E-05   3.206758713E+02   2.248214460E+02   2.248163940E+02 
  6.666240000E+00   2.644005686E-02  -2.334869061E-02   2.648260988E-02   3.206782419E+02   2.248279691E+02   2.127677588E+02 
  6.805120000E+00   4.766460711E-02   4.765189860E-02   4.771055728E-02   3.206806249E+02   2.247669012E+02   2.298365779E+02 
  6.944000000E+00   0.000000000E+00  -3.526273940E-05   2.188471626E-05   3.206829848E+02   2.247697728E+02   2.247607696E+02 
  7.082880000E+00   0.000000000E+00  -3.514500713E-05   1.804778549E-05   3.206853789E+02   2.247695078E+02   2.245675756E+02 
  7.221760000E+00   0.000000000E+00  -3.520754763E-05   1.207922651E-05   3.206877380E+02   2.247869034E+02   2.245905818E+02 
  7.360640000E+00   0.000000000E+00  -3.536358781E-05   4.575895218E-06   3.206901320E+02   2.247870841E+02   2.247867152E+02 
  7.499520000E+00   0.000000000E+00  -3.520511746E-05  -3.439026841E-06   3.206924915E+02   2.248041487E+02   2.246062346E+02 
  7.638400000E+00   0.000000000E+00  -2.608886691E-02  -1.107736125E-05   3.206948783E+02   2.248067410E+02   2.248052770E+02 
  7.777280000E+00   0.000000000E+00  -3.531358379E-05  -1.735145361E-05   3.206972444E+02   2.248217203E+02   2.248172007E+02 
  7.916160000E+00   4.042996472E-02  -1.515563130E-02  -4.047295033E-02   3.206996035E+02   2.248300631E+02   2.148956581E+02 
  8.055040000E+00   4.109588673E-02   4.108318768E-02  -4.114187490E-02   3.207019969E+02   2.247639755E+02   2.299818394E+02 
  8.193920000E+00   0.000000000E+00  -3.527072840E-05  -2.169997515E-05   3.207043564E+02   2.247698385E+02   2.247613317E+02 
  8.332800000E+00   0.000000000E+00  -3.533876588E-05  -1.772093583E-05   3.207067494E+02   2.247698675E+02   2.247683976E+02 
  8.471680000E+00   0.000000000E+00  -3.520698738E-05  -1.158184659E-05   3.207091086E+02   2.247875681E+02   2.245907048E+02 
  8.610560000E+00   0.000000000E+00  -2.346218229E-03  -4.035882739E-06   3.207115020E+02   2.247873044E+02   2.245858614E+02 
  8.749440000E+00   0.000000000E+00  -3.529344758E-05   4.035882739E-06   3.207138605E+02   2.248046415E+02   2.247990613E+02 
  8.888320000E+00   0.000000000E+00  -3.794279100E-02   1.159605745E-05   3.207162401E+02   2.248097829E+02   2.248088646E+02 
  9.027200000E+00   0.000000000E+00  -3.531075345E-05   1.770672498E-05   3.207186129E+02   2.248219709E+02   2.248179800E+02 
  9.166080000E+00   5.175776365E-02   2.396503033E-02   5.180112339E-02   3.207209711E+02   2.248302516E+02   2.168878246E+02 
  9.304960000E+00   3.443311223E-02   3.442042338E-02   3.447908625E-02   3.207233644E+02   2.247612919E+02   2.299818393E+02 
  9.443840000E+00   0.000000000E+00  -3.519974416E-05   2.148681233E-05   3.207257230E+02   2.247701474E+02   2.245743699E+02 
  9.582720000E+00   0.000000000E+00  -3.534084681E-05   1.736566446E-05   3.207281157E+02   2.247704347E+02   2.247695148E+02 
  9.721600000E+00   0.000000000E+00  -3.519748861E-05   1.105604497E-05   3.207304745E+02   2.247876534E+02   2.245902974E+02 
  9.860480000E+00   0.000000000E+00  -1.419949716E-02   3.439026841E-06   3.207328650E+02   2.247883246E+02   2.247863169E+02 
  9.999360000E+00   0.000000000E+00  -3.529756577E-05  -4.590106073E-06   3.207352254E+02   2.248052709E+02   2.248002252E+02 
  1.013824000E+01   0.000000000E+00  -4.980138676E-02  -1.209343736E-05   3.207375945E+02   2.248134267E+02   2.248130590E+02 
  1.027712000E+01   0.000000000E+00  -3.518490121E-05  -1.811883976E-05   3.207399761E+02   2.248224151E+02   2.246219961E+02 
  1.041600000E+01   6.065484072E-02   6.064205035E-02  -6.069857770E-02   3.207423345E+02   2.248275043E+02   2.187430002E+02 
  1.055488000E+01   2.788443855E-02   2.787176071E-02  -2.793038998E-02   3.207447272E+02   2.247590495E+02   2.298365778E+02 
  1.069376000E+01   0.000000000E+00  -3.520292375E-05  -2.128786036E-05   3.207470849E+02   2.247706997E+02   2.245743488E+02 
  1.083264000E+01   0.000000000E+00  -3.535671931E-05  -1.698197138E-05   3.207494775E+02   2.247708782E+02   2.247705088E+02 
  1.097152000E+01   0.000000000E+00  -3.528330490E-05  -1.057998134E-05   3.207518356E+02   2.247879155E+02   2.247818116E+02 
  1.111040000E+01   0.000000000E+00  -2.605795940E-02  -2.884803507E-06   3.207542210E+02   2.247905463E+02   2.247890801E+02 
  1.124928000E+01   0.000000000E+00  -3.529874448E-05   5.144329407E-06   3.207565856E+02   2.248055104E+02   2.248009859E+02 
  1.138816000E+01   0.000000000E+00  -5.560605470E-02   1.256239557E-05   3.207589433E+02   2.248182105E+02   2.246153140E+02 
  1.152704000E+01   0.000000000E+00  -3.516950892E-05   1.844568942E-05   3.207613352E+02   2.248230553E+02   2.246221609E+02 
  1.166592000E+01   6.725787864E-02   6.724508927E-02   6.730195423E-02   3.207636933E+02   2.248224391E+02   2.204600129E+02 
  1.180480000E+01   2.162501358E-02   2.161216909E-02   2.167089974E-02   3.207660848E+02   2.247574564E+02   2.295461464E+02 
  1.194368000E+01   0.000000000E+00  -3.519034362E-05   2.103206498E-05   3.207684426E+02   2.247713040E+02   2.245744980E+02 
  1.208256000E+01   0.000000000E+00  -2.296611612E-03   1.654143489E-05   3.207708346E+02   2.247710932E+02   2.245696946E+02 
  1.222144000E+01   0.000000000E+00  -3.528159505E-05   1.006128514E-05   3.207731917E+02   2.247883754E+02   2.247828051E+02 
  1.236032000E+01   0.000000000E+00  -3.792118858E-02   2.302158464E-06   3.207755699E+02   2.247934990E+02   2.247925822E+02 
  1.249920000E+01   0.000000000E+00  -3.530424510E-05  -5.726974450E-06   3.207779413E+02   2.248057050E+02   2.248017189E+02 
  1.263808000E+01   0.000000000E+00  -2.781443424E-02  -1.305977548E-05   3.207802981E+02   2.248220492E+02   2.246185567E+02 
  1.277696000E+01   0.000000000E+00  -3.516661309E-05  -1.881517164E-05   3.207826899E+02   2.248232978E+02   2.246218000E+02 
  1.291584000E+01   7.178894939E-02   7.177620553E-02  -7.183331791E-02   3.207850471E+02   2.248171760E+02   2.220377784E+02 
  1.305472000E+01   1.578657205E-02   1.577371950E-02  -1.583240241E-02   3.207874382E+02   2.247565988E+02   2.291107288E+02 
  1.319360000E+01   0.000000000E+00  -3.519260281E-05  -2.083311301E-05   3.207897956E+02   2.247714843E+02   2.245740999E+02 
  1.333248000E+01   0.000000000E+00  -1.415926368E-02  -1.618616352E-05   3.207921848E+02   2.247721324E+02   2.247701214E+02 
  1.347136000E+01   0.000000000E+00  -3.528771413E-05  -9.535483514E-06   3.207945437E+02   2.247890571E+02   2.247840031E+02 
  1.361024000E+01   0.000000000E+00  -4.978916855E-02  -1.733724275E-06   3.207969114E+02   2.247972358E+02   2.247968675E+02 
  1.374912000E+01   0.000000000E+00  -3.516978904E-05   6.281197784E-06   3.207992916E+02   2.248061689E+02   2.246058083E+02 
  1.388800000E+01   0.000000000E+00  -3.526861838E-05   1.352873369E-05   3.208016486E+02   2.248238606E+02   2.248148457E+02 
  1.402688000E+01   0.000000000E+00  -3.514918353E-05   1.909938874E-05   3.208040398E+02   2.248235510E+02   2.246215738E+02 
  1.416576000E+01   7.438629305E-02   7.437355494E-02   7.443097161E-02   3.208063961E+02   2.248118726E+02   2.234753000E+02 
  1.430464000E+01   1.059026906E-02   1.057740720E-02   1.063597210E-02   3.208087872E+02   2.247559250E+02   2.285305997E+02 
  1.444352000E+01   0.000000000E+00  -3.526691944E-05   2.057731763E-05   3.208111440E+02   2.247717380E+02   2.247656441E+02 
  1.458240000E+01   0.000000000E+00  -2.602702997E-02   1.574562702E-05   3.208135279E+02   2.247742988E+02   2.247728352E+02 
  1.472128000E+01   0.000000000E+00  -3.528729940E-05   9.009681889E-06   3.208158911E+02   2.247892852E+02   2.247847687E+02 
  1.486016000E+01   0.000000000E+00  -5.560201496E-02   1.151079232E-06   3.208182474E+02   2.248019500E+02   2.245990479E+02 
  1.499904000E+01   0.000000000E+00  -3.516341530E-05  -6.849631973E-06   3.208206379E+02   2.248067604E+02   2.246058358E+02 
  1.513792000E+01   0.000000000E+00  -3.527367517E-05  -1.401190275E-05   3.208229944E+02   2.248238479E+02   2.248153480E+02 
  1.527680000E+01   0.000000000E+00  -3.534342613E-05  -1.945466011E-05   3.208253846E+02   2.248238989E+02   2.248224301E+02 
  1.541568000E+01   7.521266435E-02   7.519993232E-02  -7.525759939E-02   3.208277410E+02   2.248064733E+02   2.247716698E+02 
  1.555456000E+01   6.233344445E-03   4.008650660E-03  -6.278900972E-03   3.208301315E+02   2.247554981E+02   2.278061258E+02 
  1.569344000E+01   0.000000000E+00  -3.527640001E-05  -2.029310053E-05   3.208324873E+02   2.247722594E+02   2.247666807E+02 
  1.583232000E+01   0.000000000E+00  -3.789968944E-02  -1.533351224E-05   3.208348640E+02   2.247774042E+02   2.247764859E+02 
  1.597120000E+01   0.000000000E+00  -3.516991274E-05  -8.469669410E-06   3.208372339E+02   2.247895570E+02   2.245897221E+02 
  1.611008000E+01   0.000000000E+00  -2.781241691E-02  -5.826450433E-07   3.208395893E+02   2.248058759E+02   2.246024191E+02 
  1.624896000E+01   0.000000000E+00  -3.515119897E-05   7.361222742E-06   3.208419797E+02   2.248070844E+02   2.246056469E+02 
  1.638784000E+01   0.000000000E+00  -3.520540486E-05   1.443822839E-05   3.208443354E+02   2.248242419E+02   2.246284141E+02 
  1.652672000E+01   0.000000000E+00  -3.534479038E-05   1.972466634E-05   3.208467251E+02   2.248245207E+02   2.248235997E+02 
  1.666560000E+01   7.448818373E-02   7.447545822E-02   7.453334661E-02   3.208490811E+02   2.248005566E+02   2.259260678E+02 
  1.680448000E+01   2.927012831E-03  -1.116954913E-02   2.972370794E-03   3.208514689E+02   2.247561353E+02   2.269377658E+02 
  1.694336000E+01   0.000000000E+00  -3.527161243E-05   2.003730515E-05   3.208538264E+02   2.247728667E+02   2.247678211E+02 
  1.708224000E+01   0.000000000E+00  -4.977694053E-02   1.489297574E-05   3.208561927E+02   2.247810672E+02   2.247806995E+02 
  1.722112000E+01   0.000000000E+00  -3.515883509E-05   7.958078641E-06   3.208585715E+02   2.247899842E+02   2.245896350E+02 
  1.736000000E+01   0.000000000E+00  -3.526034925E-05  -1.421085472E-08   3.208609271E+02   2.248076041E+02   2.247986013E+02 
  1.749888000E+01   0.000000000E+00  -3.514343189E-05  -7.915446076E-06   3.208633168E+02   2.248072827E+02   2.246052736E+02 
  1.763776000E+01   0.000000000E+00  -3.520611426E-05  -1.490718660E-05   3.208656717E+02   2.248247150E+02   2.246283195E+02 
  1.777664000E+01   0.000000000E+00  -3.536161967E-05  -2.003730515E-05   3.208680613E+02   2.248248836E+02   2.248245144E+02 
  1.791552000E+01   7.241108479E-02   7.239829779E-02  -7.245646827E-02   3.208704166E+02   2.247950052E+02   2.269377655E+02 
  1.805440000E+01   7.642871739E-04  -2.520934403E-02  -8.094161986E-04   3.208727992E+02   2.247581454E+02   2.259260681E+02 
  1.819328000E+01   0.000000000E+00  -3.528178786E-05  -1.971045549E-05   3.208751610E+02   2.247730727E+02   2.247685493E+02 
  1.833216000E+01   0.000000000E+00  -5.559811096E-02  -1.443822839E-05   3.208775158E+02   2.247858133E+02   2.245829016E+02 
  1.847104000E+01   0.000000000E+00  -3.515287608E-05  -7.375433597E-06   3.208799050E+02   2.247906151E+02   2.245897089E+02 
  1.860992000E+01   0.000000000E+00  -3.526032378E-05   5.684341886E-07   3.208822601E+02   2.248077045E+02   2.247991945E+02 
  1.874880000E+01   0.000000000E+00  -3.532761184E-05   8.469669410E-06   3.208846488E+02   2.248077868E+02   2.248063166E+02 
  1.888768000E+01   0.000000000E+00  -3.519576421E-05   1.531930138E-05   3.208870037E+02   2.248253796E+02   2.246285241E+02 
  1.902656000E+01   0.000000000E+00  -2.269807534E-03   2.026467882E-05   3.208893928E+02   2.248251129E+02   2.248238273E+02 
  1.916544000E+01   6.912331691E-02   6.911052909E-02   6.916883422E-02   3.208917471E+02   2.247898495E+02   2.278061249E+02 
  1.930432000E+01  -8.716784107E-06  -3.786430993E-02   3.620925781E-05   3.208941224E+02   2.247612134E+02   2.247716526E+02 
  1.944320000E+01   0.000000000E+00  -3.515417848E-05   1.941202754E-05   3.208964910E+02   2.247733728E+02   2.245735918E+02 
  1.958208000E+01   0.000000000E+00  -2.781053941E-02   1.398348104E-05   3.208988450E+02   2.247896202E+02   2.245862015E+02 
  1.972096000E+01   0.000000000E+00  -3.514064520E-05   6.821210263E-06   3.209012339E+02   2.247908632E+02   2.245894354E+02 
  1.985984000E+01   0.000000000E+00  -3.519755046E-05  -1.165290087E-06   3.209035883E+02   2.248080284E+02   2.246121791E+02 
  1.999872000E+01   0.000000000E+00  -3.533923882E-05  -8.995471035E-06   3.209059766E+02   2.248083253E+02   2.248074053E+02 
